data-raw/china_dem_025deg.txt
ncols         283
nrows         163
xllcorner     69.625
yllcorner     14.625
cellsize      0.25
NODATA_value  -9999
[rows 0 to 41 of 163, columns 0 to 93 of 283]
139 132 132 132 130 129 127 125 123 119 117 114 107 86 103 121 114 110 108 108 105 103 106 107 107 106 106 106 107 106 108 108 107 109 114 119 124 130 137 139 140 140 136 137 140 142 145 152 158 156 146 119 109 147 184 185 189 193 199 192 198 207 234 236 242 207 184 205 236 333 390 458 563 558 640 673 737 667 544 526 457 467 452 431 417 392 367 347 350 338 352 408 511 589
137 133 131 131 125 123 122 119 117 115 114 111 108 98 96 109 111 109 107 106 106 107 106 107 108 109 108 106 107 106 106 105 104 106 111 109 111 119 126 124 128 135 139 141 143 147 154 162 169 165 153 131 120 150 187 216 232 242 231 213 210 192 194 195 208 218 192 195 197 226 279 376 513 679 728 812 871 759 641 548 484 537 450 422 395 339 375 415 442 497 589 600 623 692
132 132 130 128 126 124 122 116 98 111 115 112 111 108 98 92 102 110 111 109 105 106 107 104 102 107 105 105 104 101 102 102 103 104 105 107 110 115 117 119 127 132 135 140 150 163 178 190 195 180 173 149 129 141 180 230 237 271 325 323 312 287 250 237 217 209 229 229 253 248 274 306 396 684 829 908 965 789 622 556 464 477 468 443 363 352 491 563 554 591 640 684 738 784
131 132 130 127 124 122 120 116 103 110 113 110 109 108 106 100 95 95 97 102 108 105 103 99 97 99 100 100 103 104 105 106 105 105 107 109 110 113 118 129 139 143 150 158 171 183 195 200 191 172 158 164 194 211 198 220 255 258 303 329 354 387 360 300 267 235 221 249 268 283 273 248 350 532 858 1029 1007 864 748 643 641 514 470 452 421 405 362 434 447 438 450 497 585 700
134 133 131 127 124 121 116 117 114 113 117 118 117 117 116 115 114 110 105 97 102 108 101 98 97 97 99 100 103 105 107 108 109 108 110 110 112 115 127 144 154 158 163 177 194 207 202 175 164 209 220 233 263 250 253 262 267 273 264 279 296 330 372 380 363 328 296 292 282 302 291 246 327 509 857 1038 898 1019 1034 818 810 807 725 643 574 454 336 299 385 417 439 437 480 549
142 140 140 123 118 119 93 100 94 73 102 117 91 89 114 125 118 106 102 100 94 98 110 105 100 100 101 103 103 101 102 105 106 106 109 114 120 124 138 156 168 180 194 198 196 185 145 163 225 240 223 209 210 214 215 207 210 213 215 214 235 259 281 326 405 440 434 384 314 282 256 275 346 391 515 718 833 1144 1157 965 921 948 833 816 706 538 390 342 376 393 357 387 391 417
171 171 155 126 121 124 125 111 91 74 109 118 82 51 89 123 125 116 113 113 105 94 105 105 102 101 102 104 101 102 104 107 108 109 112 117 124 139 162 174 172 169 182 202 212 190 155 140 150 146 149 156 164 171 171 168 179 197 228 231 215 208 240 271 330 330 395 404 356 309 267 312 329 366 403 582 748 945 1260 1119 1048 963 751 587 473 388 294 311 363 410 382 387 372 378
227 223 208 192 184 177 172 150 143 122 122 123 112 100 103 103 78 90 117 115 105 98 95 102 105 104 105 107 107 105 105 104 105 106 109 115 117 126 152 165 164 179 203 202 180 160 153 154 159 166 156 150 154 156 157 164 160 169 207 236 247 241 222 215 244 267 328 366 366 348 306 431 442 462 511 636 774 755 929 871 982 934 797 596 489 331 335 346 319 356 420 439 395 361
281 282 273 271 259 242 226 208 190 167 152 130 92 69 66 84 96 108 118 113 112 111 101 96 102 103 102 102 102 103 101 101 106 105 106 113 122 129 140 142 137 144 146 134 139 140 147 177 216 228 224 215 209 211 213 203 160 160 204 235 262 279 267 259 244 267 308 342 305 330 357 439 514 558 581 635 754 824 860 959 924 757 695 522 402 379 346 340 334 343 371 362 399 403
356 366 404 395 323 280 249 212 191 197 198 170 130 88 73 79 115 111 91 101 103 107 105 101 103 101 98 99 102 104 105 106 119 125 118 111 117 116 112 99 99 112 124 151 162 150 157 186 221 244 240 234 230 223 209 184 145 166 208 243 261 290 311 304 309 303 311 320 308 358 400 470 590 713 621 636 759 915 928 893 762 611 509 498 596 690 708 598 693 720 760 685 774 824
419 423 403 405 369 314 271 249 236 238 229 215 181 135 101 91 101 103 88 94 111 108 117 111 109 112 107 100 103 107 107 111 130 134 130 123 123 123 119 107 102 117 149 184 179 180 196 211 232 251 244 234 221 200 183 177 149 167 198 220 228 247 262 270 277 289 280 281 353 420 463 553 599 640 628 642 692 814 840 711 668 687 629 769 913 952 894 928 967 1039 1162 1187 1186 1314
401 388 369 402 361 316 303 298 282 266 237 216 193 173 158 146 124 94 105 106 109 108 117 112 107 119 115 111 105 112 119 129 131 138 139 135 134 132 128 126 128 144 175 212 228 224 214 234 248 249 237 211 195 203 212 212 158 162 179 197 198 194 201 209 230 289 282 322 371 433 577 625 618 629 728 788 797 892 975 1051 1046 916 791 858 1152 1152 1196 1170 1208 1270 1178 1173 1401 1486
366 347 352 385 368 342 344 346 323 312 273 240 209 209 216 197 164 138 143 139 126 124 120 112 108 122 122 118 113 119 131 134 121 139 144 142 144 145 140 133 144 187 240 254 240 237 238 253 257 235 207 201 205 203 201 197 172 179 191 196 190 197 213 228 255 300 319 388 450 449 457 517 536 656 869 973 1019 1065 1284 1355 1165 1202 1380 1390 1282 1351 1459 1673 1774 1655 1352 1179 1227 1038
325 318 342 350 370 378 380 363 323 314 297 253 261 284 307 277 233 216 208 195 180 171 156 126 108 122 126 125 123 117 127 144 147 147 152 154 156 157 151 153 182 213 217 223 249 254 262 251 221 206 202 200 219 257 269 290 315 313 375 386 397 447 414 400 399 414 472 452 531 507 550 660 750 1049 1259 1339 1336 1409 1571 1506 1387 1564 1730 1610 1602 1810 1779 1577 1474 1345 1354 1392 1303 1309
296 310 319 339 358 368 391 369 331 311 293 297 302 337 342 288 283 290 274 246 236 224 204 182 169 154 137 132 133 130 126 128 143 147 157 160 159 158 159 166 166 174 187 205 234 259 246 213 224 234 244 260 297 359 421 513 636 534 553 649 736 771 810 751 657 728 798 825 725 670 808 924 1084 1488 1524 1786 1820 1989 2093 1877 1856 1977 2080 1977 1754 1637 1598 1616 1299 1174 1161 1339 1378 1346
309 340 353 356 363 382 388 356 337 331 341 349 359 411 444 365 337 347 309 294 290 284 268 248 237 212 181 156 147 143 139 131 135 153 156 164 165 165 166 170 176 185 197 220 238 237 228 255 284 305 337 396 420 425 515 603 703 819 894 891 964 1037 1093 952 915 829 1134 1512 1462 1253 1271 1391 1255 1773 1811 1926 2126 2200 2205 2008 2112 1960 1721 1633 1528 1478 1198 938 1094 1172 864 805 736 803
325 326 328 341 344 346 347 359 383 388 404 414 434 522 563 444 402 382 359 375 369 349 323 288 270 248 210 192 186 179 157 148 145 149 163 171 177 191 210 236 233 206 212 225 227 229 260 312 346 385 457 574 610 680 767 885 873 1119 1455 1366 1137 1284 1291 1301 1323 1044 1147 1637 1868 1860 1853 1726 1409 1741 1938 1960 2066 2198 2143 1935 1998 1921 1427 1098 1062 961 955 992 1148 1396 1453 1543 1386 1477
342 344 363 369 354 349 352 360 380 404 433 472 542 580 523 476 450 401 417 428 394 360 348 329 310 283 245 227 222 228 200 168 168 161 158 173 186 196 217 245 249 241 263 283 277 265 267 297 342 356 434 603 723 919 1051 1413 1478 1363 1394 1468 1299 1282 1426 1440 1522 1350 1200 1536 1598 1764 1953 1840 1652 1738 1938 2058 2087 2218 2361 2490 2323 1512 1145 1144 1277 1332 1453 1533 1572 1798 2056 2122 1958 1843
334 338 344 345 358 374 375 381 414 443 443 469 513 563 570 495 456 438 453 474 438 419 457 486 461 372 315 296 305 285 266 238 233 207 191 175 184 188 191 207 234 265 326 347 342 350 362 395 428 440 505 608 658 708 829 1062 1305 1610 1613 1766 1541 1377 1556 1472 1434 1409 1292 1277 1554 1740 1827 1855 1643 1648 1696 1824 1953 2241 2318 2451 2373 2099 1944 1836 1953 1986 1894 1856 1718 1529 1365 1337 1250 1194
316 329 342 357 375 398 410 390 420 465 480 535 550 571 547 507 515 527 519 524 510 518 503 551 556 517 484 401 352 334 341 322 286 265 244 222 214 205 212 214 207 220 254 276 294 331 341 372 357 420 452 492 525 653 942 1045 1114 1429 1559 1491 1470 1354 1586 1741 1914 1969 1738 1324 1427 1707 1958 1974 2025 1955 1929 2055 2075 2241 2392 2354 2496 2593 2541 2379 2340 2367 2069 1588 1298 1154 910 804 790 769
329 343 356 375 392 411 409 398 419 455 504 572 551 534 528 537 557 578 616 632 649 674 590 601 676 680 616 508 468 492 463 404 367 359 317 276 262 257 255 311 319 258 264 264 257 272 285 305 312 356 389 467 516 604 873 1177 1524 1696 1708 1761 1604 1521 1472 1449 1423 1509 1747 1728 1563 1813 2081 2208 2143 2156 2317 2328 2338 2408 2502 2503 2381 2635 2531 2266 2072 1997 2039 1601 1049 868 785 764 763 766
364 359 357 375 376 397 423 421 453 489 521 513 510 531 538 561 563 587 614 637 651 669 650 655 685 696 635 605 624 672 671 551 454 474 420 364 329 311 295 314 343 349 374 329 287 352 332 375 436 416 354 351 428 627 880 1050 1146 1119 1049 1058 1190 1552 1742 1690 1990 1964 1982 2122 2218 2149 2466 2712 2738 2430 2179 2020 2065 2152 2403 2665 2669 2216 1960 2123 2191 2006 2030 2002 1626 1026 904 845 814 819
373 374 377 387 400 405 427 438 453 476 498 494 498 527 561 588 624 645 626 629 653 661 661 676 689 710 718 734 728 729 679 611 564 587 494 419 392 375 376 385 387 386 398 355 340 379 384 407 500 503 501 519 582 611 741 761 750 606 568 714 872 1338 1881 1662 1865 2168 2295 2454 2526 2411 2203 2379 2673 2705 2566 2291 2233 2228 2313 2604 2859 2077 1577 1579 1822 2434 2802 2648 2121 1450 1378 1555 1483 1247
396 416 429 433 465 443 446 471 459 471 499 525 546 588 631 662 716 733 693 699 722 716 758 814 799 810 852 800 799 796 767 689 645 595 555 488 457 462 504 461 433 437 455 427 411 392 406 454 518 630 768 805 927 925 812 604 533 606 727 755 862 1029 1257 1425 1682 1933 1923 1960 2292 2420 2393 2466 2472 2581 2649 2711 2730 2657 2562 2556 2437 2302 1728 1492 1610 2167 2695 2778 2268 1760 1443 1477 1596 1525
441 460 487 478 484 494 492 505 513 505 543 597 608 625 671 682 752 775 783 802 868 825 823 898 892 976 991 898 867 911 921 816 763 716 697 662 587 544 557 557 506 497 515 535 531 501 465 466 532 654 817 1030 1158 1135 1003 855 735 597 563 684 835 1094 1237 1290 1495 1528 1746 1995 2204 2378 2546 2544 2700 2859 2782 2604 2596 2451 2361 2496 2396 2408 1977 1587 1571 1641 1904 1998 1846 1726 1428 1196 1129 1111
466 457 466 462 507 554 566 542 539 551 582 634 672 738 747 690 749 829 882 912 961 937 916 941 989 1060 1078 965 913 976 948 878 850 831 843 840 851 735 612 594 569 585 631 653 653 603 631 650 734 732 795 865 832 782 646 550 589 802 1106 1338 1581 1834 1929 2094 2198 1990 1968 2106 2103 2248 2428 2649 2854 2912 2890 2654 2409 2309 2145 2010 2093 2061 1981 1857 1873 1703 1581 1883 1860 1726 1541 1323 1234 1189
452 424 423 435 479 514 524 508 515 539 559 597 656 749 772 748 767 839 918 979 975 989 975 981 984 990 947 888 846 910 879 850 841 850 873 894 928 942 834 690 612 611 670 748 780 781 785 724 713 681 622 549 512 491 438 471 644 806 901 1019 1260 1441 1674 1732 1695 1740 1764 1449 1689 1971 2353 2345 2520 2630 2596 2551 2351 2502 2576 2245 2225 2372 2637 2448 2639 2309 1711 1912 2159 1850 1587 1389 1219 1111
395 395 402 427 451 463 470 493 518 549 602 629 672 745 741 782 824 847 924 937 892 881 959 985 882 822 798 783 817 843 811 779 767 773 799 817 817 882 956 907 745 681 732 771 792 852 834 796 713 651 584 498 445 427 406 402 436 498 619 791 1063 1122 1133 1168 1175 1330 1646 1536 1598 1993 1882 1795 2205 2425 2525 2471 2331 2630 2858 2386 2530 2484 2596 2727 2667 2416 1585 1296 1507 1680 1523 1364 1358 1209
364 376 399 428 471 480 506 540 572 610 720 762 729 709 742 780 779 807 840 830 843 816 815 833 785 715 705 732 813 825 807 745 724 702 707 710 742 808 878 950 941 800 718 751 779 820 870 944 837 694 600 495 432 406 395 390 395 415 440 514 721 752 718 607 540 624 818 1005 1138 1361 1354 1578 1927 2235 2522 2734 2561 2549 2727 2463 2575 2833 2625 2576 2738 2510 1899 1475 1266 1259 1197 1216 1224 1220
352 378 425 456 487 513 530 594 699 720 780 857 826 801 817 776 714 717 717 734 818 808 738 685 665 652 661 682 718 744 767 742 708 676 646 627 645 693 731 797 863 804 708 707 765 830 919 991 895 761 646 549 473 429 408 407 400 397 404 416 442 441 447 444 456 476 498 526 585 749 1033 1319 1454 1696 2033 2335 2336 2213 2493 2614 2688 2848 2823 2563 2596 2910 2237 1713 1467 1221 1198 1339 1364 1250
347 375 439 504 545 560 574 607 676 740 782 856 854 849 816 755 688 633 623 671 730 732 669 597 582 617 587 591 629 696 688 698 714 718 680 619 568 575 580 595 611 616 644 709 825 954 1032 1114 1156 1009 930 750 592 550 528 518 534 516 462 416 410 436 490 535 589 608 563 584 587 532 597 701 777 822 994 1345 1713 1838 2116 2537 2587 2799 2939 2762 2339 2573 2420 2261 1946 1409 1289 2075 1800 1401
359 383 422 469 512 536 595 628 688 721 724 766 766 744 721 675 637 574 561 598 645 603 577 530 532 549 523 556 599 631 614 646 679 711 683 605 543 502 481 494 508 525 576 638 819 1068 1251 1465 1542 1308 1240 1180 1069 916 891 813 789 972 1151 840 656 743 849 905 902 910 866 889 853 674 541 496 526 595 692 878 1087 1265 1669 2130 2262 2581 2710 2899 2716 2784 2906 2762 2389 1731 1358 1635 1845 1791
352 374 402 445 502 529 559 598 610 613 644 698 755 671 630 588 555 517 490 509 531 503 494 472 476 465 498 562 560 555 594 632 661 688 695 630 557 469 426 424 424 444 476 515 645 829 1006 1098 1224 1348 1681 1875 1701 1659 1660 1615 1489 1260 1216 1189 1293 1873 1902 1976 1833 1554 1339 1089 788 597 508 496 519 559 616 709 829 945 1264 1703 1689 2108 2644 2969 2844 2707 2948 2971 2626 2104 1790 1686 1383 1966
358 377 409 443 502 544 535 520 534 556 571 599 649 599 557 521 492 463 434 437 424 419 397 396 397 421 474 493 467 513 559 530 544 537 555 575 513 420 379 374 378 391 405 417 437 461 517 485 527 718 993 1167 1126 1161 1360 1826 1910 1518 1203 1380 1684 2033 2246 2422 2283 1976 1751 1346 1030 800 579 517 535 586 662 719 771 845 929 1094 1337 1773 2079 2486 2676 2495 2574 3020 2807 2732 2612 2514 2368 1879
366 389 443 477 507 503 484 508 552 562 555 566 559 528 494 464 440 410 383 372 355 350 347 346 348 355 370 384 387 403 419 400 403 396 402 401 384 360 355 369 397 381 369 364 366 367 389 389 421 473 567 605 603 603 698 847 882 854 1111 1655 1937 1867 1641 1478 1311 1197 1207 1071 964 766 570 544 572 616 699 730 764 845 899 935 1104 1537 1556 1752 2322 2636 2399 2739 3100 3003 2867 2650 2311 2104
362 387 421 444 458 463 473 488 513 525 542 563 535 477 435 412 394 365 348 342 338 339 340 340 340 341 342 343 345 344 344 342 341 344 350 346 348 354 399 447 515 485 421 393 368 355 354 354 365 392 467 492 442 446 470 519 600 1099 1794 1804 1402 1209 1087 956 935 865 870 759 769 700 577 548 572 642 709 735 772 827 851 887 985 1211 1324 1530 1641 2048 2132 2268 2831 2698 2753 2820 2761 2517
345 369 385 398 406 423 423 443 483 512 521 518 517 480 429 399 356 344 338 338 339 341 343 345 345 347 349 351 353 353 352 352 351 349 351 367 387 419 484 538 530 485 471 464 426 396 363 350 351 363 474 663 717 658 613 625 714 1085 1269 1050 782 671 537 464 507 558 506 478 541 572 596 578 575 643 731 801 822 829 878 936 937 1017 1255 1244 1364 1532 1565 1624 2115 2025 2247 2294 2532 2751
316 333 348 364 371 394 416 422 455 499 494 492 481 442 396 380 346 339 337 340 342 344 347 350 352 354 357 359 360 362 364 370 375 363 367 381 405 439 465 483 485 499 529 578 711 825 719 446 362 368 579 991 1377 1528 1381 1072 1129 1335 1340 1106 859 704 500 351 320 344 324 342 438 506 527 579 621 698 734 783 814 826 887 1004 1041 1044 1155 1183 1304 1389 1331 1294 1334 1483 1687 1691 1909 2175
294 307 321 332 363 402 426 412 409 440 462 490 497 460 410 357 342 338 339 343 346 349 353 356 360 362 364 365 367 369 375 385 444 424 383 398 418 441 467 494 518 551 640 795 1024 1353 1690 1552 1138 566 615 1405 2035 2050 1803 1615 1707 1525 1292 1081 850 600 357 275 270 271 279 312 388 461 464 486 582 680 757 816 842 863 914 995 1088 1157 1306 1297 1176 1265 1182 1189 1133 1275 1323 1468 1626 1691
275 288 300 312 344 363 383 377 399 427 445 483 504 481 446 391 347 340 341 345 350 354 358 362 366 369 371 372 373 376 383 396 443 500 461 439 468 539 603 622 694 828 994 1328 1716 1970 2434 2577 2190 1334 685 1036 1709 2072 1981 1747 1574 1291 1051 834 506 303 274 279 291 302 315 340 390 437 477 503 555 642 728 797 865 938 995 1046 1128 1192 1266 1350 1440 1394 1259 1131 1114 1181 1230 1308 1415 1453
257 257 268 281 302 322 349 358 367 377 405 466 506 508 506 462 388 348 343 348 353 358 363 368 372 376 379 380 382 385 396 411 423 457 604 658 829 1065 1206 1308 1724 1908 2120 2663 2858 2782 2557 2362 2142 1706 1164 608 817 1234 1409 1178 914 735 569 450 322 285 290 303 318 325 334 364 415 445 478 520 583 659 719 748 765 923 1066 1174 1251 1267 1290 1502 2052 2156 1677 1294 1360 1478 1577 1596 1558 1585
229 223 230 242 271 280 280 306 313 309 319 359 421 488 527 506 436 369 346 350 356 361 366 372 377 383 388 392 395 406 434 463 480 509 631 766 1280 1960 2511 2766 2982 3176 3093 2766 2390 1971 1421 1121 941 815 661 457 244 328 393 374 343 305 291 293 293 302 311 322 335 342 354 377 409 438 464 494 543 616 674 674 580 669 840 961 1004 1000 1017 1088 1304 1542 1438 1152 1212 1287 1606 1441 1179 1490
