data-raw/china_dem_025deg.txt
ncols         283
nrows         163
xllcorner     69.625
yllcorner     14.625
cellsize      0.25
NODATA_value  -9999
[rows 42 to 83 of 163, columns 94 to 187 of 283]
780 926 963 951 1012 1240 1572 2167 2739 2455 1845 1543 1490 1330 1444 1527 1452 1522 1764 1957 2032 2165 2205 2038 1953 1855 1816 1748 1792 1843 1811 1851 1814 2035 2063 1733 1551 1467 1411 1287 1152 1122 1130 1113 1123 1156 1200 1253 1242 1222 1200 1203 1194 1182 1146 1091 1054 1075 1081 1086 1132 1143 1143 1171 1107 1041 995 934 893 961 1003 1007 1017 1009 1046 1096 1111 1132 1225 1272 1267 1255 1251 1302 1295 1300 1279 1196 1098 1034 986 946 921 919
744 681 654 679 813 969 1144 1341 1654 1897 1798 1706 1612 1430 1439 1603 1665 1540 1455 1455 1474 1585 1712 1923 2103 2059 1990 1843 1685 1589 1485 1398 1342 1360 1498 1720 1795 1763 1697 1329 1136 1062 1065 1093 1133 1210 1246 1238 1270 1296 1318 1268 1257 1231 1202 1159 1121 1129 1175 1229 1275 1202 1100 1053 1012 948 908 800 778 900 1003 1020 1011 1069 1096 1094 1114 1209 1228 1239 1236 1205 1197 1163 1149 1164 1174 1154 1113 1093 1054 992 965 997
1066 961 814 692 667 705 813 896 1023 1225 1403 1553 1498 1369 1312 1276 1318 1485 1513 1445 1394 1446 1494 1625 1693 1762 1825 1803 1707 1650 1511 1326 1179 1090 1103 1256 1378 1438 1536 1320 1179 1148 1162 1213 1264 1320 1329 1295 1306 1367 1377 1298 1259 1261 1269 1197 1173 1156 1180 1220 1178 1048 944 891 844 815 784 744 786 912 1013 1074 1093 1079 1050 1050 1088 1177 1162 1130 1105 1070 1072 1058 1059 1087 1166 1220 1269 1231 1084 995 1079 1139
1731 1743 1402 893 574 443 489 575 673 807 942 1059 1139 1143 1181 1184 1139 1193 1333 1505 1530 1400 1324 1359 1353 1342 1299 1251 1258 1293 1255 1186 1117 1042 1069 1135 1305 1441 1527 1519 1558 1525 1421 1348 1363 1489 1504 1482 1461 1402 1359 1360 1342 1353 1338 1311 1247 1168 1102 1021 977 912 864 805 829 867 861 905 951 988 1057 1115 1086 1023 1028 1059 1048 1032 996 968 964 983 1051 1075 1056 1079 1181 1205 1205 1137 1111 1044 1113 1190
1993 2473 2656 1920 1193 725 559 519 489 554 699 834 985 1039 1055 1043 1003 1035 1036 1055 1187 1233 1159 1060 988 914 907 976 1142 1385 1508 1458 1317 1373 1385 1455 1518 1760 1885 1920 2010 1994 1913 1669 1461 1489 1507 1518 1503 1479 1528 1572 1532 1452 1336 1247 1170 1082 968 911 917 914 844 797 823 902 988 1049 1027 975 988 1002 1017 990 977 974 972 953 969 995 1003 1038 1120 1081 1058 1085 1154 1156 1124 1130 1165 1142 1126 1182
2549 2244 2348 2485 2083 1618 1180 909 660 528 642 857 1159 1355 1273 1147 1023 1020 925 847 973 1012 976 917 858 813 969 1218 1423 1625 1734 1675 1471 1506 1586 1657 1593 1706 1801 1725 1630 1670 1928 2142 1872 1531 1424 1480 1550 1559 1525 1452 1450 1389 1260 1155 1065 989 916 869 876 920 921 914 935 987 1035 1055 1051 1071 1105 1088 1117 1043 967 978 989 1009 1049 1034 1024 1091 1073 1059 1091 1110 1113 1067 1084 1148 1255 1325 1339 1276
1923 2082 2184 2577 2777 2375 1839 1399 1020 777 705 872 1307 1720 1656 1488 1392 1432 1367 1249 1315 1331 1201 1026 926 992 1226 1518 1791 1986 1953 1739 1620 1650 1761 1751 1599 1562 1508 1514 1548 1594 1695 1768 1809 1699 1489 1488 1618 1614 1477 1336 1367 1349 1235 1144 1076 972 897 873 921 1013 1065 1090 1091 1117 1184 1187 1153 1100 1104 1131 1131 1032 1008 1039 1034 1063 1064 1007 999 1027 1022 1044 1061 1067 1078 1111 1175 1204 1269 1318 1341 1295
925 997 1229 1873 2887 3137 2568 1907 1544 1321 1098 1068 1240 1426 1478 1419 1400 1434 1461 1408 1578 1682 1579 1352 1161 1147 1214 1359 1473 1564 1569 1543 1549 1583 1665 1705 1586 1471 1362 1295 1364 1392 1443 1495 1627 1777 1728 1602 1616 1632 1512 1289 1249 1274 1206 1153 1082 967 912 931 985 1055 1119 1144 1192 1190 1219 1181 1094 1037 1056 1076 1027 998 1066 1090 1082 1083 1074 1012 1010 1052 1044 1079 1091 1114 1157 1195 1230 1258 1274 1301 1324 1333
679 723 805 968 1288 1638 1731 1667 1545 1406 1307 1324 1404 1393 1316 1287 1257 1218 1200 1173 1282 1466 1529 1350 1214 1202 1149 1179 1111 1108 1142 1167 1218 1271 1316 1350 1357 1339 1274 1220 1226 1252 1318 1393 1513 1511 1480 1453 1438 1378 1282 1162 1098 1101 1068 1032 990 978 1008 1016 1072 1110 1124 1138 1160 1102 1083 1124 1118 1052 1004 1001 999 1055 1137 1157 1145 1115 1108 1033 1022 1079 1085 1118 1111 1143 1174 1220 1265 1283 1304 1327 1353 1374
548 591 663 738 855 998 1116 1201 1245 1326 1416 1490 1596 1594 1478 1395 1358 1330 1275 1220 1176 1121 1101 1083 994 1027 1043 1062 966 937 929 940 990 1054 1111 1165 1201 1204 1172 1178 1213 1229 1349 1478 1516 1448 1340 1237 1218 1321 1228 989 945 943 929 942 984 1052 1120 1138 1137 1126 1180 1249 1206 1158 1171 1198 1178 1099 1067 1074 1105 1198 1230 1242 1229 1188 1156 1132 1150 1170 1180 1194 1215 1231 1234 1305 1286 1279 1361 1350 1355 1327
622 660 702 759 815 919 1028 1142 1302 1497 1651 1740 1798 1816 1755 1744 1649 1511 1450 1421 1365 1270 1230 1178 1036 1068 999 952 935 925 921 915 922 970 1043 1103 1116 1156 1185 1203 1255 1260 1298 1354 1410 1414 1412 1280 1188 1162 1110 1018 880 869 908 1000 1096 1189 1245 1224 1219 1199 1227 1255 1231 1225 1203 1196 1189 1164 1136 1160 1215 1267 1311 1357 1309 1268 1242 1282 1321 1338 1342 1336 1366 1357 1301 1374 1379 1343 1375 1357 1353 1286
847 874 938 985 1032 1140 1261 1397 1651 1868 2044 2092 2089 2005 1860 1782 1690 1555 1515 1533 1521 1487 1385 1310 1177 1066 972 952 957 955 948 937 932 935 954 1003 1076 1162 1184 1206 1270 1240 1200 1194 1199 1176 1197 1167 1124 1056 978 1001 962 967 1041 1153 1284 1366 1374 1334 1329 1366 1446 1485 1438 1422 1437 1396 1351 1296 1295 1301 1338 1341 1421 1499 1496 1433 1365 1420 1472 1473 1499 1466 1476 1461 1443 1422 1476 1491 1421 1423 1433 1339
1110 1106 1135 1181 1269 1404 1564 1681 1821 1916 2006 2088 2150 2047 1897 1831 1765 1615 1543 1531 1497 1443 1323 1215 1103 1038 986 982 984 982 975 962 941 919 923 950 997 1045 1071 1044 1075 1086 1045 1000 983 968 957 946 975 954 966 1059 1135 1211 1279 1360 1504 1567 1589 1506 1415 1471 1568 1640 1643 1631 1593 1551 1468 1408 1468 1480 1496 1430 1458 1545 1583 1496 1414 1454 1543 1514 1480 1443 1406 1422 1436 1417 1424 1444 1425 1472 1521 1356
1162 1191 1237 1289 1357 1460 1577 1668 1761 1880 2058 2198 2187 2100 2022 2003 2003 1788 1587 1434 1367 1289 1207 1201 1232 1139 1051 1016 1012 1009 999 984 955 942 956 959 949 950 958 941 955 950 943 878 833 795 786 827 889 949 1008 1135 1301 1496 1651 1622 1627 1515 1508 1473 1360 1281 1318 1438 1546 1609 1601 1546 1509 1511 1549 1601 1598 1518 1573 1757 1719 1633 1593 1549 1469 1416 1359 1323 1343 1366 1395 1400 1451 1496 1510 1621 1545 1233
1159 1177 1220 1264 1365 1530 1681 1798 1831 1907 1959 1983 2022 2058 2051 1923 1798 1656 1515 1409 1342 1319 1329 1365 1404 1297 1183 1098 1048 1035 1021 1003 980 990 1044 1069 1072 1085 1118 1142 1116 1071 1054 975 894 914 995 1075 1077 1043 1079 1268 1471 1764 1933 1672 1301 1147 1120 1107 1124 1079 1119 1271 1451 1534 1563 1577 1602 1729 1776 1730 1650 1630 1753 1890 1782 1820 1800 1637 1505 1498 1418 1392 1442 1415 1398 1454 1604 1549 1454 1494 1440 1037
1306 1404 1388 1310 1457 1719 1787 1763 1696 1673 1673 1691 1751 1833 1837 1835 1760 1622 1501 1469 1446 1427 1451 1504 1462 1322 1255 1177 1089 1057 1038 1017 1002 1032 1116 1172 1216 1274 1349 1397 1382 1344 1313 1266 1232 1293 1323 1319 1255 1213 1264 1389 1635 1761 1534 1176 1043 1034 1032 1030 1027 1024 1027 1074 1250 1463 1469 1446 1593 1813 1835 1786 1698 1642 1540 1561 1541 1700 1684 1498 1369 1432 1357 1376 1369 1418 1306 1285 1515 1551 1203 1127 1156 955
1190 1324 1484 1464 1391 1412 1373 1304 1294 1324 1370 1435 1472 1513 1562 1627 1645 1617 1538 1484 1530 1560 1581 1614 1531 1379 1225 1114 1095 1071 1050 1028 1024 1069 1145 1206 1265 1356 1440 1465 1420 1365 1347 1371 1390 1361 1309 1268 1232 1299 1376 1458 1578 1272 1060 1040 1042 1041 1047 1051 1047 1034 1100 1257 1345 1393 1247 1327 1453 1534 1585 1365 1270 1188 1090 1194 1499 1630 1519 1537 1378 1460 1449 1330 1179 977 872 915 1185 1322 1148 973 861 692
954 1080 1184 1169 1111 1090 1082 1083 1108 1145 1205 1284 1338 1385 1429 1442 1422 1368 1312 1304 1379 1464 1525 1519 1422 1295 1177 1134 1131 1132 1122 1104 1101 1122 1160 1202 1255 1307 1318 1316 1300 1333 1444 1518 1461 1361 1295 1332 1398 1513 1463 1409 1248 1053 1046 1049 1065 1079 1121 1158 1147 1120 1103 1105 1079 1061 1031 1044 1085 1082 1068 1007 1001 1030 1122 1368 1503 1433 1393 1381 1330 1520 1546 1317 1177 1119 1138 861 744 956 970 705 682 619
918 988 1042 1089 1134 1127 1114 1145 1225 1273 1355 1407 1447 1569 1619 1570 1495 1420 1308 1247 1266 1274 1268 1262 1234 1204 1206 1219 1248 1274 1262 1237 1221 1223 1243 1270 1293 1314 1353 1391 1444 1503 1570 1553 1503 1429 1351 1430 1525 1503 1252 1133 1049 1054 1064 1130 1210 1165 1166 1228 1246 1229 1270 1269 1231 1176 1148 1126 1082 1052 1037 1037 1038 1115 1190 1350 1386 1511 1557 1296 1232 1370 1181 1133 1303 1196 1094 1127 928 789 774 562 252 146
1135 1183 1212 1229 1314 1410 1501 1610 1711 1775 1856 1917 2066 2222 2100 2083 1853 1778 1687 1686 1506 1367 1302 1279 1264 1301 1389 1422 1360 1330 1311 1297 1281 1276 1278 1286 1317 1371 1466 1572 1654 1696 1564 1380 1414 1515 1492 1487 1424 1242 1057 1029 1035 1081 1122 1372 1406 1292 1239 1253 1260 1263 1381 1465 1453 1392 1375 1331 1279 1227 1197 1217 1171 1186 1295 1488 1471 1434 1438 1309 1084 1084 1166 1149 1145 1116 1031 1394 1304 1096 773 439 97 40
1696 1682 1642 1571 1576 1697 1855 2202 2683 2995 2865 2554 2915 2908 2624 2728 2941 2766 2417 2084 1791 1525 1397 1369 1362 1380 1468 1533 1437 1393 1396 1352 1317 1310 1311 1299 1306 1364 1534 1608 1459 1406 1400 1317 1345 1363 1380 1390 1313 1143 1042 1059 1096 1144 1155 1510 1499 1404 1375 1351 1354 1360 1429 1493 1451 1440 1416 1401 1386 1295 1164 1162 1181 1276 1465 1603 1541 1463 1431 1132 1039 1193 1443 1564 1268 1267 1459 1414 858 758 596 207 55 34
2339 2654 2566 2313 2313 2607 2650 2835 3328 3562 3634 3585 3865 4143 3757 3170 3591 3803 3594 3180 2883 2190 1770 1548 1448 1380 1390 1514 1502 1557 1614 1543 1503 1467 1404 1396 1407 1385 1432 1363 1276 1296 1303 1276 1315 1287 1230 1227 1198 1108 1115 1183 1255 1311 1219 1450 1481 1423 1411 1413 1410 1408 1423 1436 1376 1401 1369 1310 1291 1280 1198 1057 1094 1247 1445 1603 1536 1343 1217 1058 1203 1511 1625 1426 1272 1411 1252 1032 603 382 150 45 30 25
3461 3982 4138 3531 3200 3541 3687 3708 3921 3753 3533 3903 4022 4111 4095 3619 3945 4056 3926 3680 4043 3838 3357 2748 2046 1774 1767 1506 1452 1633 1799 1751 1535 1479 1556 1635 1630 1455 1373 1409 1393 1340 1342 1354 1337 1344 1296 1245 1195 1213 1301 1543 1577 1529 1205 1247 1308 1322 1362 1423 1426 1408 1375 1326 1319 1370 1349 1287 1209 1225 1209 1052 1054 1292 1425 1608 1489 1200 1228 1316 1376 1516 1478 1217 1161 1002 893 637 278 76 32 24 17 14
3155 3291 3407 3081 2877 3045 3276 3476 3735 4113 3736 3489 3628 3896 4026 3900 3894 3949 3977 3773 3790 4047 4086 3950 3502 2757 2404 2000 1561 1551 2048 2188 1828 1622 1515 1462 1471 1461 1443 1424 1359 1324 1318 1319 1329 1355 1343 1316 1278 1321 1560 2064 1490 1178 1113 1171 1205 1241 1335 1401 1429 1408 1362 1328 1311 1319 1287 1252 1222 1163 1178 1015 1198 1399 1459 1720 1671 1492 1198 1245 1576 1859 1648 961 738 660 472 338 142 35 16 12 10 7
2769 2866 3155 3174 3027 3007 3219 3369 3525 3772 3991 4136 3868 3725 3907 4327 4517 4256 4199 4006 3933 3866 4018 3917 3826 3466 3055 2745 2087 1711 1752 1912 2058 2095 2047 1699 1427 1366 1370 1367 1348 1342 1337 1332 1338 1352 1353 1339 1307 1355 1806 1841 1173 1106 1172 1272 1324 1314 1342 1414 1396 1376 1357 1339 1289 1267 1275 1220 1182 1110 1084 1019 1321 1547 1775 1885 1788 1431 925 1101 1246 1416 1389 787 370 263 194 109 43 20 12 9 9 7
2766 2777 2946 3142 3209 3279 3597 3938 3991 4164 4254 4199 4219 4285 4218 4277 4394 4358 4600 4317 4071 4083 4123 4100 3967 3800 3586 3218 3183 2596 2273 2240 2399 2413 2306 2027 1586 1453 1409 1399 1392 1379 1375 1363 1348 1344 1353 1350 1315 1328 1697 1388 1114 1145 1291 1379 1418 1352 1377 1395 1353 1327 1322 1271 1265 1214 1208 1234 1112 1078 971 1030 1352 1651 1627 1525 1664 1171 841 984 1057 1011 789 511 242 139 88 56 37 23 16 12 12 10
2786 2783 2770 2757 2834 3254 3439 3717 4202 4436 4574 4643 4629 4489 4416 4414 4269 4140 4197 4371 4180 4206 4325 4246 4051 3966 3796 3554 3485 3700 3277 2910 2823 2643 2394 2086 1772 1558 1462 1465 1469 1451 1435 1415 1394 1371 1347 1350 1390 1461 1484 1207 1134 1238 1338 1427 1457 1351 1372 1387 1354 1301 1259 1200 1191 1169 1129 1183 1094 957 1038 1173 1463 1542 1328 1484 1552 1198 1103 1341 1174 1020 686 329 171 93 66 48 36 28 20 16 14 13
2732 2755 2739 2756 2765 2864 3055 3329 3886 4502 4506 4307 4439 4594 4430 4347 4431 4440 4400 4342 4136 4208 4236 4249 4150 3988 3912 3823 3643 3563 3583 3646 3380 3148 2922 2636 2214 1743 1518 1544 1561 1536 1508 1498 1479 1453 1412 1391 1394 1458 1352 1170 1143 1293 1392 1448 1462 1350 1366 1365 1338 1283 1223 1179 1146 1124 1076 1066 1072 948 1050 1145 1442 1726 1513 1363 1338 1050 1161 1250 1197 998 808 512 294 88 57 47 38 29 22 18 16 15
2696 2723 2729 2736 2761 2843 2997 3226 3315 3777 4030 3881 3984 4111 4234 4229 4216 4273 4351 4427 4214 4018 4027 4149 4039 4065 4090 3878 3813 3761 3735 3669 3576 3757 3367 3228 2974 2342 1819 1675 1708 1687 1620 1589 1619 1547 1469 1389 1382 1435 1343 1288 1239 1318 1391 1468 1477 1357 1362 1372 1342 1311 1303 1275 1242 1206 1124 1036 1022 1016 898 1057 1351 1765 1588 1412 1251 903 949 1087 1192 1075 883 791 387 92 46 39 33 27 22 21 19 18
2722 2697 2697 2702 2732 2810 2946 3134 3251 3285 3425 3518 3722 3669 3482 3628 3825 3836 3802 4051 4043 3890 3828 3826 3775 3828 3850 3667 3670 3707 3791 3837 3414 3444 3687 3778 3664 3023 2413 2182 2123 1951 1961 1696 1683 1635 1547 1406 1337 1302 1268 1331 1378 1368 1414 1526 1519 1477 1512 1496 1453 1483 1478 1393 1315 1216 1129 1054 976 997 881 1068 1291 1615 1442 1060 829 805 952 1277 1425 1370 1123 981 416 110 40 30 29 26 26 25 23 22
2780 2729 2705 2693 2696 2701 2724 2789 2882 3012 3134 3343 3423 3349 2961 2884 2943 3064 3280 3526 3735 3889 3932 3643 3475 3434 3377 3294 3303 3377 3648 3794 3570 3310 3242 3271 3345 3405 3153 2866 2810 2507 2246 1761 1593 1626 1663 1728 1789 1611 1390 1522 1667 1517 1537 1637 1583 1626 1634 1586 1555 1587 1550 1396 1353 1279 1162 1090 1000 895 909 1190 1469 1309 939 776 855 1152 1275 1280 1414 1472 1300 760 353 100 39 31 32 31 31 29 26 23
2837 2776 2723 2700 2687 2683 2684 2685 2692 2714 2765 2848 2913 3032 2920 2884 2964 3070 3203 3334 3239 3420 3651 3689 3780 3472 3232 3196 3197 3229 3345 3313 3450 3024 2871 3119 3260 3049 3181 2886 2728 2651 2469 1955 1701 1917 1840 1783 1824 1652 1476 1523 1720 1700 1702 1567 1525 1583 1551 1505 1484 1538 1480 1346 1311 1268 1131 1027 930 905 1101 1342 1461 1093 908 1138 1385 1398 1124 1141 1328 1316 1154 637 276 83 42 35 36 34 33 31 29 24
3109 2981 2806 2739 2721 2707 2704 2699 2691 2687 2686 2688 2694 2732 2779 2793 2839 2972 3107 3275 3341 3481 3534 3243 3404 3603 3487 3254 3215 3211 3307 3409 3126 2761 2543 2665 3178 3087 2751 2605 2359 2283 2197 2002 1768 1633 1629 1917 2004 1788 1642 1559 1620 1768 1763 1553 1461 1520 1510 1508 1441 1434 1402 1360 1228 1143 1077 1028 912 901 1125 1244 1370 1038 943 1626 1443 1261 1035 1059 1239 1004 849 526 228 81 47 41 39 38 36 33 31 27
3680 3347 3068 2888 2822 2793 2784 2773 2771 2767 2765 2744 2744 2750 2727 2738 2767 2828 2946 3145 3435 3712 3907 3788 3260 3200 3426 3454 3443 3439 3378 3553 3404 2938 2654 2523 2505 2476 2325 2167 2114 1951 1949 1882 1728 1663 1608 1847 2123 2052 1930 1690 1648 1837 1757 1559 1418 1397 1398 1454 1513 1466 1372 1315 1236 1191 1138 1030 950 841 992 1112 1352 987 865 1349 1211 1161 1030 980 998 884 696 465 197 74 54 48 43 41 38 35 33 40
4581 4285 4023 3730 3589 3581 3151 3382 3435 3510 3422 3546 3420 3204 3099 2950 2847 2850 2968 3254 3556 3976 4362 4340 3982 3656 3243 3046 3045 3027 2968 3204 3433 3172 2898 2930 3083 2796 2271 2004 1868 1794 1809 1753 1966 2035 1786 1771 1968 2144 2096 1824 1729 1796 1679 1540 1441 1338 1308 1343 1448 1406 1351 1322 1190 1227 1235 1103 958 902 1129 1311 1231 719 666 1006 1079 1185 1043 947 1038 1162 766 350 135 72 59 52 46 43 40 39 58 94
4665 4616 4634 4457 4392 4271 3784 4165 4507 4387 4237 4292 4373 4065 4238 4043 3568 3272 3315 3445 3889 4045 4295 4516 4450 4319 3732 3277 3101 2939 2805 2953 2877 2802 3137 2620 2687 2758 2476 2122 1917 2077 1998 1906 2039 2114 1901 1814 1899 2012 2048 2016 1872 1716 1633 1467 1382 1346 1275 1249 1366 1422 1306 1202 1125 1160 1303 1206 1113 847 1077 1282 874 568 758 1073 1040 1113 1077 1009 1221 1365 674 325 147 68 57 53 49 46 44 44 70 83
4727 4790 4792 4605 4504 4487 4312 4462 4445 4356 4345 4471 4519 4381 4549 4544 4469 4319 4394 4033 3974 4142 4298 4333 4507 4251 3794 3513 3209 3094 3196 3319 3434 3347 3434 2946 2864 2769 2633 2124 2010 2127 2205 2547 2138 2031 1996 1881 1950 1933 1895 2052 2128 1739 1531 1413 1314 1282 1262 1191 1307 1455 1372 1206 1036 1093 1337 1451 1228 793 816 910 556 572 817 1137 989 869 953 941 1211 1233 598 420 146 70 58 55 52 51 48 44 41 49
4518 4516 4578 4679 4844 4826 4784 4742 4672 4551 4481 4429 4504 4534 4586 4451 4389 4470 4395 4244 4405 4390 4416 4351 4430 4358 3999 3353 3407 3602 3435 3439 3737 4111 3814 3208 3414 3476 3300 2390 2190 2199 2075 2292 2344 2136 2054 2062 2018 1891 1805 1986 2195 1837 1525 1364 1278 1212 1183 1156 1272 1442 1451 1227 1049 949 1131 1265 932 535 521 571 546 688 1076 1306 962 724 828 834 973 626 244 204 80 63 59 56 57 54 49 44 40 41
4614 4544 4504 4485 4530 4572 4602 4597 4590 4583 4527 4503 4521 4508 4574 4559 4558 4547 4522 4477 4412 4264 4238 4280 4300 4159 3951 3616 3316 3466 3466 3587 3770 3975 3714 3635 3587 3328 3150 3123 3011 2640 2215 2255 2269 2179 2040 2085 1968 1827 1695 1795 2107 1904 1524 1351 1267 1193 1113 1101 1207 1379 1408 1293 1141 876 738 772 637 499 556 534 599 894 746 864 946 657 581 429 284 109 80 76 71 66 64 61 57 53 48 43 42 38
4628 4611 4683 4682 4572 4509 4489 4552 4686 4620 4661 4606 4552 4468 4386 4401 4390 4359 4320 4311 4380 4349 4451 4523 4365 4436 4251 3949 3587 3768 3836 3906 3790 3720 3703 3746 3636 3508 3291 3241 3473 3127 2573 2686 2372 2068 1931 1903 1753 1682 1612 1709 1924 1932 1367 1237 1258 1223 1183 1123 1091 1270 1115 926 835 618 518 499 434 446 440 497 741 829 626 516 408 273 161 121 112 102 87 81 76 72 70 66 59 53 49 44 40 37
4592 4489 4468 4575 4614 4507 4493 4457 4705 4628 4625 4666 4643 4592 4504 4466 4378 4332 4339 4291 4272 4313 4387 4598 4634 4721 4316 4095 3972 3855 3796 3851 3779 3608 3700 3752 3609 3459 3264 3158 3164 3047 2776 2876 2652 2210 1958 1821 1676 1547 1479 1608 1731 1881 1497 1045 1173 1323 1276 1133 996 933 749 555 451 380 368 357 429 691 602 551 619 652 601 466 306 203 167 258 264 167 109 86 76 71 66 67 65 58 52 48 45 41
4706 4712 4583 4490 4616 4611 4629 4560 4523 4521 4566 4681 4713 4690 4631 4566 4521 4477 4472 4393 4339 4328 4268 4370 4569 4682 4457 4253 4118 4029 3893 3764 3751 3770 3779 3633 3522 3499 3401 3338 3232 3079 2886 2666 2752 2572 2433 2166 2020 1663 1507 1469 1661 1542 1360 998 835 884 922 760 671 578 460 400 431 475 708 982 907 890 674 770 978 687 476 422 319 265 405 506 381 239 142 96 70 65 61 60 59 57 53 50 48 46
