data-raw/china_dem_025deg.txt
ncols         283
nrows         163
xllcorner     69.625
yllcorner     14.625
cellsize      0.25
NODATA_value  -9999
[rows 84 to 125 of 163, columns 94 to 187 of 283]
4585 4618 4613 4710 4697 4720 4651 4714 4737 4479 4479 4707 4648 4606 4600 4601 4609 4705 4678 4584 4440 4375 4290 4264 4387 4512 4560 4428 4241 4129 4148 3957 3782 3743 3809 3818 3650 3633 3556 3435 3470 3488 3220 2841 2602 2758 2622 2023 1753 1705 1725 1672 1728 1749 1556 1499 1291 1005 742 591 487 444 414 463 663 974 1428 1380 1204 1210 1083 1025 863 814 866 610 418 366 364 410 295 194 109 78 65 61 56 55 53 51 47 45 43 42
4577 4558 4560 4734 4788 4872 4828 4844 4789 4760 4456 4592 4665 4571 4617 4602 4592 4711 4759 4671 4531 4476 4424 4306 4398 4299 4270 4287 4350 4278 4148 4130 4173 4010 3697 3651 3552 3538 3489 3452 3196 3036 2861 2703 2607 2358 2270 1891 1770 1749 1553 1415 1375 1456 1568 1691 1892 2020 1941 1449 1154 1093 1022 1115 1129 1303 1173 1043 1098 1066 1044 929 1142 1172 846 735 742 559 331 201 163 109 83 65 58 56 53 50 48 45 42 40 37 37
4807 4716 4578 4664 4743 4911 5046 5020 4817 4656 4585 4554 4578 4541 4539 4614 4567 4663 4650 4611 4565 4613 4546 4399 4334 4225 4212 4191 4213 4266 4168 4045 4035 3891 3669 3579 3443 3454 3449 3528 3381 3392 3206 3008 2595 2252 2254 1910 1684 1506 1272 1165 1259 1572 1635 1449 1635 1858 2047 1759 1856 1732 1547 1509 1402 1362 1201 1096 1011 1043 1105 1050 1115 1165 1074 1011 947 593 275 155 121 91 70 61 55 52 50 46 43 41 38 36 33 32
4760 4743 4724 4706 4767 4756 5002 5080 4956 4883 4826 4642 4691 4526 4456 4582 4551 4590 4496 4435 4556 4623 4670 4633 4560 4365 4325 4265 4266 4306 4315 4176 4074 3901 3782 3559 3464 3476 3470 3505 3535 3579 3392 3065 2916 2363 2060 1921 1808 1443 1255 1106 1316 1631 1786 1315 1290 1327 1357 1327 1428 1692 1199 1133 1141 1083 1018 1061 956 831 710 708 739 707 850 834 531 391 305 225 136 92 73 62 55 48 46 43 41 38 35 34 32 30
4743 4789 4886 4870 4774 4661 4678 4759 4821 4945 4860 4743 4658 4544 4498 4287 4406 4412 4383 4280 4363 4482 4718 4706 4569 4446 4415 4367 4291 4169 4163 4336 4265 3955 3832 3596 3625 3528 3500 3529 3723 3792 3453 3065 2512 2500 2177 1798 1830 1639 1359 1142 1117 1075 1135 954 747 690 751 826 1012 1372 1282 963 1113 1110 1024 826 922 981 770 505 461 373 351 451 422 199 187 183 172 185 117 66 58 48 44 41 40 36 34 31 30 28
4768 4772 4778 4796 4831 4837 4749 4622 4647 4665 4724 4639 4516 4490 4495 4295 4262 4510 4537 4395 4321 4345 4463 4542 4528 4451 4420 4304 4290 4244 4056 4258 4106 3841 3806 3730 3714 3658 3664 3657 3742 3753 3778 3487 2626 2099 1797 1646 1677 1489 1210 1024 1013 984 838 663 672 670 723 815 728 813 916 905 940 883 709 666 610 568 640 478 368 275 231 182 181 143 126 138 189 208 148 91 58 48 43 41 38 35 32 30 28 26
5035 4896 4821 4803 4851 4906 4866 4690 4588 4599 4567 4487 4405 4371 4560 4569 4468 4462 4669 4698 4464 4240 4342 4276 4444 4347 4327 4347 4328 4267 4058 4000 4018 3847 3706 3663 3733 3693 3821 3836 3696 3589 3769 3395 2856 2512 1980 1529 1294 1030 947 1034 1247 1474 1437 1316 1378 1335 1290 1110 775 743 597 536 607 736 764 696 632 450 351 296 366 256 173 131 112 107 112 124 161 226 215 125 73 56 45 41 38 35 32 28 27 25
5003 5024 4957 4987 5038 4945 4841 4892 4605 4519 4445 4342 4259 4269 4362 4577 4650 4519 4308 4297 4445 4428 4448 4226 4334 4376 4392 4342 4425 4305 4097 3916 3946 3794 3794 3696 3688 3819 4133 3885 3632 3460 3637 3012 2127 1886 1808 1380 1117 922 811 1025 1275 1336 1258 1225 1277 1290 1223 1173 930 784 713 694 707 852 816 868 870 668 668 456 300 205 147 121 97 91 126 184 247 210 172 113 77 63 50 42 37 34 31 30 24 23
4778 4675 4757 4936 4967 4995 4960 4967 4782 4608 4523 4504 4435 4209 4223 4262 4412 4517 4604 4540 4188 4323 4307 4250 4279 4227 4205 4146 4133 4259 4244 3978 4001 3865 3701 3613 3828 3991 4047 3625 3366 3540 3295 2709 2048 1530 1328 1299 991 810 727 831 882 888 816 955 994 984 982 1094 1088 1293 1290 1179 1198 1045 759 605 602 752 823 831 537 232 128 104 94 95 139 236 308 283 202 110 81 63 55 46 43 44 40 43 29 29
4710 4638 4527 4684 4848 4918 4989 4981 5007 4960 4629 4384 4363 4293 4172 4129 4304 4353 4375 4414 4269 4187 4411 4545 4325 4204 4239 4193 4136 4148 4163 4054 4172 4015 3883 3609 3802 4015 3857 3602 3207 3277 3043 2273 1619 1372 1124 873 753 692 677 730 697 683 712 763 747 842 1011 971 1208 1336 1584 1724 1805 1507 1086 844 844 947 867 735 650 646 309 113 90 124 134 157 164 194 309 192 137 88 74 65 74 76 68 54 39 38
4887 4897 4587 4683 4657 4716 4916 4745 4876 4974 4896 4747 4420 4311 4297 4195 4413 4556 4354 4320 4202 3967 4329 4543 4503 4375 4172 4210 4088 4089 4040 4058 3978 3857 3797 3519 3870 3995 3970 3937 3467 3162 2691 2201 1467 969 658 578 610 615 572 518 536 512 487 516 588 778 870 845 1046 1423 1584 1772 1700 1427 1421 1228 1456 1615 1249 1005 906 876 443 121 84 140 186 167 111 108 167 248 217 180 179 165 180 295 276 124 66 53
4782 4780 4693 4683 4596 4506 4691 4670 4690 4655 4645 4724 4574 4446 4246 4228 4152 4424 4570 4295 4263 4070 4025 4050 4152 4431 4433 4283 4233 4048 3951 4129 4162 4216 4115 3371 3944 4039 3962 3620 3092 2786 2890 2150 932 584 515 506 537 544 477 422 442 458 490 495 553 619 638 811 853 985 1331 1496 1299 1110 1417 1648 1831 1767 1263 1257 911 839 534 216 105 82 179 293 174 110 92 110 159 170 199 266 364 431 368 319 169 105
5080 5101 4964 4793 4570 4475 4729 4574 4534 4634 4488 4494 4562 4398 4363 4103 4124 4496 4547 4274 4357 4077 3906 4087 4289 4345 4480 4525 4197 4305 3927 4010 4312 4231 4101 3370 3834 3761 4247 4050 3314 2347 1986 1049 573 536 479 461 471 466 423 383 381 413 443 447 456 475 544 651 640 507 696 951 955 861 818 1101 1120 1158 891 1172 929 512 369 268 128 70 129 276 170 87 61 77 149 82 101 128 328 456 701 559 471 336
5101 5060 5124 5066 4943 4869 4500 4490 4433 4383 4388 4508 4490 4658 4638 4445 4063 4363 4567 4432 4160 4224 4036 4167 4328 4350 4390 4488 4051 4295 4260 3926 4153 4122 3598 3419 3631 3620 3947 3767 2538 1465 802 593 492 557 477 440 430 416 397 362 345 384 378 364 421 445 518 558 521 486 498 678 719 688 864 944 919 740 751 823 656 488 209 141 107 57 82 149 103 50 35 42 68 57 49 122 277 330 481 695 778 616
4957 4991 5102 5022 4894 4989 4909 4864 4812 4483 4297 4463 4408 4599 4704 4678 4370 4034 4285 4460 4265 4319 4336 4058 4462 4579 4459 4326 4106 4416 4216 3948 4108 4093 3673 3380 3953 3736 3272 3259 1967 906 574 523 504 533 465 423 388 364 379 338 361 427 364 428 489 524 554 603 539 529 632 766 1120 1229 1159 1213 1249 1131 1003 574 288 219 135 70 72 51 39 50 37 29 26 26 28 28 30 105 133 214 333 463 488 323
5102 5083 4942 4658 4565 4685 4617 4731 4818 4822 4800 4781 4527 4289 4713 4932 4691 4412 4230 4263 4312 4357 4384 4137 4420 4636 4621 4424 4057 3980 4073 3920 4136 3991 4139 3555 3595 3357 2357 2042 1130 576 497 494 542 468 436 419 359 330 340 317 338 375 373 528 494 511 535 477 541 906 1101 1296 1455 1044 901 1078 1070 1066 1119 613 256 105 73 46 43 35 32 31 28 27 27 29 29 31 23 36 71 174 298 321 218 73
4874 4938 4875 4695 4486 4200 3776 3887 4217 4373 4457 4759 4733 4639 4600 4565 4415 4625 4571 4207 4378 4395 4290 3964 4059 4588 4553 4522 4418 4182 3763 3654 4050 3999 4144 3745 3145 2983 1735 1195 756 568 480 491 488 423 412 430 363 309 296 312 291 331 493 463 477 456 476 456 907 1350 1272 1272 1136 767 1082 1254 1255 1255 1134 784 444 171 62 38 34 29 29 29 27 26 24 25 32 28 37 47 48 85 241 202 60 31
4674 4457 4339 4392 4535 4368 4002 3457 3541 3796 4056 4474 4730 4924 4816 4516 4132 4404 4774 4240 4175 4300 4250 3893 4317 4783 4692 4519 4300 4266 4057 3646 3969 3932 4133 3757 2735 2064 1282 925 680 546 448 471 426 406 402 412 401 343 309 280 289 400 493 417 417 403 436 704 1141 1289 1092 1064 1021 891 1304 1277 1264 1241 894 667 429 210 70 38 34 30 28 27 25 24 27 29 33 58 123 122 81 53 63 30 18 20
4705 4576 4377 4217 4129 4328 4159 3986 3083 3380 3997 4219 4501 4959 5019 5215 4736 4111 4565 4637 4095 4162 4105 3877 4517 4552 4368 4523 4298 4157 4276 3841 4103 4053 4453 3820 2433 2020 1511 1283 895 569 431 442 464 531 438 372 379 406 387 335 366 348 362 371 409 517 852 1077 1210 911 943 886 918 916 1106 914 878 880 683 409 318 133 57 37 35 34 42 29 26 32 60 111 151 200 217 142 127 129 44 58 35 88
4979 4811 4726 4564 4237 3728 3900 3978 2920 2685 3750 4306 4387 4725 4807 5105 5019 4361 4249 4596 4351 3976 4184 3890 4231 4209 4251 4379 4507 4297 4189 3986 4084 4242 4431 3652 2288 2002 2055 2047 1548 736 414 412 479 473 372 337 362 379 389 373 348 314 354 568 680 810 1228 972 856 802 840 954 724 737 835 594 588 644 529 372 252 111 64 37 33 33 41 29 58 126 228 172 284 314 320 281 233 192 128 181 56 88
4721 4377 4296 4022 3856 3810 3656 2651 2308 3272 3688 3835 4074 4308 4706 4760 4640 4709 4520 4037 4580 4186 3961 3770 3809 3884 4090 4279 4466 4263 4064 3787 4279 4349 4462 3540 2181 1895 1824 1798 1403 1052 569 413 379 356 347 319 341 356 378 328 301 357 534 710 862 1086 978 847 768 860 885 880 629 739 634 553 512 485 461 358 162 93 69 36 31 29 28 33 69 187 239 301 434 400 303 288 250 165 59 27 30 28
4306 4459 4271 4148 3600 3138 2272 1756 3025 3227 2865 3194 3902 3911 3915 4285 4361 4413 4511 3989 4180 4104 4045 3813 3772 3734 3932 4290 4315 4137 3912 3883 3907 4049 4223 3674 2977 2581 1997 2313 2015 1305 801 559 435 361 358 332 306 324 321 338 440 525 560 883 1158 1024 1005 963 769 843 976 663 568 572 512 566 606 549 451 329 139 65 44 31 32 30 28 38 77 202 361 375 321 270 405 600 447 204 54 20 14 15
4573 4446 4130 3622 2852 2655 1470 1611 2656 2782 2330 2570 3344 3958 3675 3767 4010 4051 4539 4534 3853 3684 3890 4073 3550 3955 3821 4384 4303 3879 3871 3700 3654 3958 3473 3308 2882 2666 2500 2737 2293 1240 1017 873 699 425 378 343 345 378 373 558 787 859 692 1002 1100 905 1010 947 811 783 837 609 539 501 466 542 552 409 312 282 157 128 92 65 46 31 29 59 105 164 248 308 444 400 561 546 212 84 111 24 16 18
3885 3454 2894 2652 2585 1977 1378 1268 1713 2127 1609 2379 3361 3675 3663 3098 3698 4301 4432 4281 3904 3586 3825 3932 3424 3791 3859 4311 4083 3842 3725 3698 3500 3650 2915 2611 2555 2510 2739 2671 2583 1620 1263 1120 823 525 487 431 438 501 620 836 1075 1144 1001 1166 1048 947 974 950 811 672 768 564 570 579 518 446 298 301 430 432 357 263 171 155 94 52 41 109 107 181 344 420 529 435 293 159 88 52 36 23 23 31
2935 2487 2077 1717 1893 1619 785 924 1141 923 861 1739 2637 2476 3146 3078 3956 3995 3679 3910 3699 3344 3732 3815 3413 3554 3758 4064 3748 3772 3454 3477 3539 3222 2870 2405 2306 2585 2658 2337 2495 1703 1508 1313 904 654 676 805 617 760 1080 864 1019 1053 1162 1180 1044 1053 972 868 702 805 868 625 665 661 359 320 287 457 518 403 496 361 392 347 162 91 75 61 75 174 232 321 368 214 114 82 53 48 32 40 43 58
2060 1543 1473 1412 1029 948 838 783 438 180 214 510 1071 1661 2387 2819 3761 3077 2712 3100 3176 3196 3273 3462 3387 3370 3651 3856 3346 3111 3407 3097 3147 2917 2777 2398 2083 2745 2614 2439 2351 1663 1860 1387 1114 932 884 1003 1075 1064 1135 941 918 971 1089 1131 998 995 856 811 737 909 1051 624 649 549 352 270 286 391 389 471 368 446 475 316 160 115 81 66 86 195 201 261 213 157 153 101 50 65 91 82 58 60
2034 1671 1467 1318 887 663 505 237 138 127 139 200 491 1737 2745 2783 2041 1911 1709 1822 2489 3021 3024 3147 3208 3218 3630 3563 2895 2927 3102 3072 2987 2941 2820 2145 2047 2633 2663 2538 2285 2052 1938 1535 1654 1324 1302 1393 1319 1234 1099 974 960 1076 1062 945 927 935 858 689 673 918 813 519 520 444 308 281 365 418 706 692 336 386 270 175 159 104 74 67 86 167 183 223 261 219 135 93 73 144 213 123 92 119
2159 1912 1459 1337 388 183 120 109 117 134 152 224 563 1201 2066 2225 1084 886 1078 1341 2290 2747 2832 2806 3097 2889 3442 3372 2996 2907 3054 2806 2783 2660 2829 2147 2370 2417 2664 2057 2031 2317 2146 1776 1903 1837 1663 1686 1592 1440 1393 1284 1107 1000 940 925 941 913 866 876 803 853 685 591 568 491 366 392 413 703 933 584 471 407 388 186 177 161 114 83 151 123 258 460 553 311 156 110 117 151 180 279 255 287
1627 1417 793 267 98 93 98 107 129 260 444 644 803 1215 1410 1914 1326 607 762 1518 2055 2192 2746 2761 2776 2893 2979 3200 2995 2642 2813 2845 2704 2770 2301 2143 2057 2399 2221 2116 2165 2147 2051 2084 2060 2009 1808 1725 1676 1544 1620 1490 1237 1082 993 960 947 977 884 925 919 765 621 579 581 453 318 375 594 752 561 401 321 291 305 213 192 205 199 111 183 190 427 436 348 218 104 91 139 128 212 433 450 234
570 426 177 87 86 91 104 158 387 896 1243 1172 796 1005 1432 1760 1742 813 670 1596 2061 2322 2740 2933 2682 3023 2938 2722 2891 2549 2658 2859 2371 1943 2003 1956 2032 2549 1780 2101 2241 2019 2074 2253 2208 2150 2052 1799 1634 1545 1394 1321 1226 1214 1270 1135 1138 1164 925 851 816 781 698 682 548 420 412 472 778 550 351 342 311 336 296 270 149 113 102 157 127 284 382 301 241 201 107 90 154 188 398 498 335 251
98 96 86 85 101 166 316 565 1005 1428 1173 1135 593 446 568 844 1434 721 658 1290 1977 2134 2681 2834 2768 2961 2932 2678 2604 2373 2427 2593 1886 1807 1714 1724 2143 2314 2179 1819 2417 2135 2179 2271 2174 2085 2047 1857 1758 1647 1474 1357 1278 1288 1274 1229 1193 1078 924 836 813 823 834 691 554 449 419 487 669 555 450 444 472 339 184 198 127 94 86 146 176 215 356 444 467 251 114 110 268 318 428 333 290 430
327 367 205 106 222 506 745 1159 1369 1024 995 699 373 248 246 548 1140 663 565 1098 1790 2377 2748 2642 2731 2925 2742 2721 2417 2130 2268 2160 1671 1583 1506 1760 1886 1974 2369 1880 2283 2248 2121 2110 2051 1984 1962 1781 1637 1638 1489 1414 1328 1259 1206 1283 1227 1061 856 934 1119 873 871 694 584 540 510 609 663 865 590 666 458 199 135 167 114 105 102 160 201 272 457 861 593 251 162 313 361 388 407 341 404 497
425 677 316 191 522 958 1379 1598 1592 895 542 390 340 342 255 506 912 493 586 1162 1599 2545 2652 2562 2630 2720 2710 2624 2218 1846 2183 2202 2106 1953 1792 1687 1777 2092 2121 2266 2449 2384 2086 2122 2094 1984 1729 1535 1433 1403 1334 1371 1310 1257 1228 1248 1191 1030 870 955 1033 756 816 721 638 548 516 954 961 1070 811 714 239 156 267 444 359 305 229 175 223 540 794 1087 514 346 291 252 248 298 276 272 328 472
211 364 210 409 847 1261 1452 1646 1681 692 287 632 701 541 418 852 699 463 622 1104 1545 2354 2384 2435 2425 2520 2453 2491 2159 1932 2231 2261 2353 1952 1533 1656 2094 2391 2333 2427 2273 2251 2099 2134 2089 1942 1794 1434 1213 1284 1186 1298 1257 1162 1186 1131 1035 1011 841 747 733 610 706 656 621 553 522 881 941 917 728 399 359 415 472 652 436 368 297 196 305 627 1024 1032 568 371 246 216 250 247 293 307 415 607
239 243 416 1036 1188 1332 1262 1798 1220 345 244 502 663 400 440 1110 649 464 567 1019 2087 2461 2246 2162 2297 2355 2343 2422 2232 1950 2173 2108 2094 1962 1458 1906 2194 2141 2205 2328 2235 2109 2052 2111 2108 1917 1718 1558 1283 1182 964 1077 1153 1035 1041 1017 919 992 875 743 771 701 598 489 470 383 483 727 770 603 401 385 484 537 425 370 286 245 321 384 621 634 772 732 446 308 179 267 380 327 285 390 462 532
373 632 1045 1627 1570 1322 1560 1054 382 208 228 303 470 303 303 592 295 266 493 1434 2357 2119 2031 2015 2167 2068 2063 2089 2202 2124 2055 2137 2173 2103 1849 2087 2111 1996 2119 2304 2067 2056 2015 2125 2029 1846 1698 1578 1422 1302 868 910 1150 860 749 800 870 960 861 740 808 863 930 645 537 352 610 658 361 403 585 788 637 328 286 375 365 450 612 529 626 755 661 626 526 342 252 261 384 334 322 539 456 501
732 1008 1250 1402 1417 1607 1533 628 215 259 237 282 371 345 333 209 172 226 1014 1940 1965 1929 1877 1862 2024 1939 1981 1889 2100 2035 1979 2213 2094 1992 1984 1967 1989 2077 2137 2086 1965 2035 2063 2051 1959 1855 1507 1416 1409 1284 874 859 1033 778 640 716 786 887 790 677 579 691 812 516 401 291 475 333 195 384 698 606 496 348 608 870 682 568 349 356 546 597 406 568 378 276 258 244 388 497 431 575 493 499
444 760 1199 1076 1235 1332 899 245 233 261 473 412 400 376 364 197 156 334 1311 1804 1720 1763 1711 1622 1821 1800 1939 1867 1951 1985 1949 2058 1969 1943 1834 1724 1969 2050 1995 2025 1812 1926 1996 1984 1776 1583 1551 1218 1114 1159 990 709 717 782 754 719 668 755 735 540 409 540 586 308 233 394 443 317 271 412 509 565 431 393 614 724 481 430 623 778 584 224 218 356 335 398 355 383 437 549 476 465 423 404
359 706 944 868 1015 726 334 162 200 258 381 494 482 334 257 291 210 546 1528 1430 1463 1569 1693 1600 1782 1627 1850 1885 1783 1912 1965 1922 1806 1770 1804 1838 1959 2036 1984 1947 1809 1967 1962 1931 1658 1260 1211 1097 1111 918 822 751 921 1099 808 799 621 650 543 428 344 377 361 286 198 290 271 382 445 231 252 624 457 518 647 613 474 383 649 780 456 178 291 494 496 461 421 371 391 412 430 377 406 328
400 855 915 899 839 364 211 197 314 342 401 265 363 239 258 363 224 719 1304 1437 1311 1327 1766 1646 1506 1487 1697 1893 1681 1687 1830 1880 1711 1480 1590 1736 1901 2040 1980 1821 1808 1788 1860 1668 1336 1166 1074 1058 1178 1096 815 762 1031 1057 874 781 668 612 556 427 301 257 261 259 166 151 152 309 384 321 352 373 267 337 439 531 598 422 407 450 501 295 380 418 430 554 522 331 263 317 383 268 258 272
701 940 1002 1042 538 305 195 256 360 410 543 198 260 126 145 179 203 1022 1258 1186 1196 1415 1778 1421 1389 1402 1845 1750 1906 1690 1799 1579 1898 1445 1439 1660 1793 1845 1900 1802 1669 1628 1733 1588 1514 1403 1364 1157 1011 887 725 623 636 770 734 673 537 575 694 479 402 354 375 377 204 138 142 318 676 437 397 369 337 398 405 552 576 498 342 203 166 215 221 324 436 421 346 233 225 233 229 239 337 323
921 1052 1222 1037 334 265 232 334 329 409 422 214 187 130 253 233 392 1043 1049 1120 1292 1278 1499 1499 1703 1629 1611 1791 1924 1558 1659 1623 1566 1664 1331 1636 1613 1881 1747 1642 1511 1400 1703 1799 1580 1487 1472 1361 1207 942 925 579 455 403 420 517 427 413 592 392 435 375 332 307 189 126 178 479 606 321 279 277 396 290 211 207 210 464 341 216 181 245 251 439 413 309 227 264 292 275 176 286 348 354
