data-raw/china_dem_025deg.txt
ncols         283
nrows         163
xllcorner     69.625
yllcorner     14.625
cellsize      0.25
NODATA_value  -9999
[rows 42 to 83 of 163, columns 188 to 281 of 283]
981 1036 1042 995 1029 1058 1118 1117 1126 1186 1139 888 744 682 691 559 433 395 266 217 197 185 173 165 159 153 148 147 150 155 161 179 214 231 198 175 168 176 188 195 191 204 215 240 259 350 530 573 613 582 551 436 335 446 486 434 610 687 492 342 228 108 68 68 78 115 185 204 228 306 337 434 528 714 835 671 605 425 155 31 0 0 0 0 0 0 0 0 0 0 0 0 0 0
1028 1048 1064 1098 1084 1137 1284 1262 1257 1061 919 826 671 560 583 514 362 277 224 202 189 179 170 165 159 155 150 150 156 170 180 208 206 200 186 183 179 196 204 183 212 244 269 325 341 565 959 908 651 424 357 331 451 609 508 539 555 563 466 252 145 106 79 77 126 253 359 203 319 307 446 526 671 621 680 510 322 239 44 0 0 0 0 0 0 0 0 0 0 0 0 0 0 0
1197 1181 1150 1174 1172 1230 1247 1155 1155 872 752 761 630 480 439 399 348 260 223 205 192 181 170 163 156 152 151 156 168 189 204 223 201 181 188 199 189 229 246 199 257 329 368 477 537 851 1078 854 576 361 328 383 620 703 591 611 492 517 405 227 155 138 99 137 235 267 242 278 354 482 595 575 611 498 370 276 95 5 0 0 0 0 0 0 0 0 0 0 0 0 0 0 0 0
1249 1279 1308 1393 1236 1111 990 1049 1061 895 687 602 567 477 441 341 301 256 231 213 199 185 174 164 156 148 143 147 167 192 199 213 209 195 206 218 214 242 222 208 275 413 485 474 596 817 893 660 515 452 491 577 597 658 659 674 488 352 231 149 80 83 128 182 296 307 405 485 470 573 737 694 530 473 303 99 6 0 0 0 0 0 0 0 0 0 0 0 0 0 0 0 0 0
1252 1343 1422 1537 1285 1031 845 896 844 759 712 560 445 431 379 317 284 261 241 224 207 190 179 169 162 153 144 139 154 151 155 168 192 217 230 243 219 237 294 284 346 498 427 395 519 520 463 454 513 614 679 603 587 667 614 586 518 495 414 233 97 74 209 333 482 489 574 738 683 687 866 760 456 293 128 32 0 0 0 0 0 0 0 0 0 0 0 0 0 0 0 0 0 0
1278 1324 1436 1523 1262 996 858 771 701 688 626 504 435 380 349 319 289 270 251 231 214 198 186 182 182 171 148 128 128 140 162 184 205 268 265 259 252 305 391 448 481 413 365 519 699 595 496 554 727 807 724 465 479 683 727 708 729 679 584 366 121 83 170 265 594 615 568 665 728 634 646 448 310 173 25 0 0 0 0 0 0 0 0 0 0 0 0 0 0 0 0 0 0 0
1266 1295 1344 1260 1191 1024 874 766 664 588 537 483 431 394 358 329 310 292 270 250 235 223 212 210 197 174 148 120 118 135 161 222 256 263 298 322 342 341 457 482 438 369 435 655 825 667 609 602 589 617 621 410 376 571 670 758 729 488 376 199 47 51 53 156 442 423 333 629 583 474 293 149 36 4 0 0 0 0 0 0 0 0 0 0 0 0 0 0 0 0 0 0 0 0
1336 1325 1295 1303 1324 1225 1118 972 820 668 610 571 457 420 378 360 346 328 310 296 279 265 250 236 204 169 138 104 107 133 182 273 308 288 331 372 378 372 386 382 351 396 486 700 719 716 699 691 640 534 438 353 296 301 284 330 403 326 195 64 13 16 25 176 286 234 323 416 284 291 67 7 0 0 0 0 0 0 0 0 0 0 0 0 0 0 0 0 0 0 0 0 0 0
1394 1446 1497 1618 1562 1500 1283 1032 873 727 656 552 473 474 418 394 388 392 391 361 296 244 228 223 177 131 108 92 102 132 200 257 303 356 367 371 350 333 335 390 523 530 505 619 687 626 629 826 889 586 411 412 370 377 144 130 125 125 64 3 1 0 6 14 19 55 137 62 25 8 0 0 0 0 0 0 0 0 0 0 0 0 0 0 0 0 0 0 0 0 0 0 2 179
1392 1461 1573 1640 1513 1351 1155 971 804 745 624 505 549 550 505 475 419 419 411 356 280 205 141 123 121 93 110 107 80 113 209 252 346 428 450 381 354 357 399 561 648 580 585 677 811 725 685 859 1045 751 689 660 482 415 281 104 16 8 8 0 0 0 0 0 0 1 1 0 0 0 0 0 0 0 0 0 0 0 0 0 0 0 0 0 0 0 0 0 0 0 0 0 16 325
1317 1374 1482 1449 1337 1222 1046 898 731 659 576 624 663 694 629 591 413 321 339 339 292 179 102 74 67 56 70 70 90 164 250 331 399 429 446 459 482 477 587 825 767 715 676 766 931 1047 1033 1006 974 867 788 807 592 415 192 42 2 0 0 0 0 0 0 0 0 0 0 0 0 0 0 0 0 0 0 0 0 0 0 0 0 0 0 0 0 0 0 0 0 0 4 29 41 261
1319 1324 1269 1177 1137 1144 1141 1044 888 787 583 641 719 787 700 522 328 254 305 206 244 151 61 45 39 35 43 66 136 202 244 339 431 500 560 581 570 641 713 731 833 813 818 868 1032 1578 1524 1251 1037 924 1111 934 383 103 8 0 0 0 0 0 0 0 0 0 0 0 0 0 0 0 0 0 0 0 0 0 0 0 0 0 0 0 0 0 0 0 0 0 0 0 3 16 0 43
1285 1166 1141 1061 1008 1077 1223 1202 1069 704 580 638 716 615 504 313 224 218 246 161 231 70 28 23 23 27 38 64 121 194 320 416 469 504 544 601 558 573 656 743 691 694 811 910 1208 1451 1373 1425 1258 1362 1446 623 105 10 0 0 0 0 0 0 0 0 0 0 0 0 0 0 0 0 0 0 0 0 0 0 0 0 0 0 0 0 0 0 0 0 0 0 0 0 0 0 0 3
1154 1046 957 899 840 909 1092 1182 836 672 614 622 569 477 351 275 257 206 115 148 96 17 11 13 15 20 32 92 198 336 438 502 554 546 522 511 478 663 794 644 704 833 812 893 1058 1076 1048 1336 1514 1640 1117 392 30 0 0 0 0 0 0 0 0 0 0 0 0 0 0 0 0 0 0 0 0 0 0 0 0 0 0 0 0 0 0 0 0 0 0 0 0 0 3 2 0 5
899 838 793 772 721 663 789 1009 784 756 573 536 444 411 402 247 187 142 75 39 10 6 6 8 10 30 79 175 303 459 498 510 658 623 510 427 540 686 601 621 823 1008 1240 1154 1223 1157 1094 1442 1594 1510 879 343 94 0 0 0 0 0 0 0 0 0 0 0 0 0 0 0 0 0 0 0 0 0 0 0 0 0 0 0 0 0 0 0 0 0 0 0 0 0 0 0 0 0
751 612 683 656 589 533 580 715 677 645 605 475 404 437 347 257 152 56 20 6 3 3 4 6 24 142 238 364 446 473 465 453 542 514 401 370 413 421 458 596 854 1256 1335 1320 1628 1392 1197 1369 1341 1061 463 370 141 0 0 0 0 0 0 0 0 0 0 0 0 0 0 0 0 0 0 0 0 0 0 0 0 0 0 0 0 0 0 0 0 0 0 0 0 0 0 0 0 0
565 489 504 839 660 512 528 589 630 539 548 539 450 302 257 161 81 13 1 0 0 1 2 26 103 244 381 407 400 272 277 315 387 376 321 327 391 601 770 783 1052 1422 1384 1525 1752 1451 1238 985 875 583 144 56 25 0 0 0 0 0 0 0 0 0 0 0 0 0 0 0 0 0 0 0 0 0 0 0 0 0 0 0 0 0 0 0 0 0 0 0 0 0 0 0 0 43
366 270 545 803 650 555 404 463 601 438 437 535 432 212 108 51 10 1 0 0 0 0 11 79 244 370 310 234 336 191 157 241 218 237 410 503 528 788 891 804 1009 1359 1335 1423 1457 1149 790 700 380 140 24 0 0 0 0 0 0 0 0 0 0 0 0 0 0 0 0 0 0 0 0 0 0 0 0 0 0 0 0 0 0 0 0 0 0 0 0 0 0 0 0 0 0 159
78 167 371 460 307 217 229 246 277 267 371 454 308 120 32 6 0 0 0 0 0 9 124 233 398 372 191 132 151 151 116 101 191 390 401 449 512 499 468 624 1029 1327 1181 709 692 638 321 249 44 2 0 0 0 0 0 0 0 0 0 0 0 0 0 0 0 0 0 0 0 0 0 0 0 0 0 0 0 0 0 0 0 0 0 0 0 0 0 0 0 0 0 0 0 18
30 35 79 76 54 88 148 147 82 123 168 157 63 10 1 0 0 0 0 3 11 78 253 209 267 190 127 71 34 46 35 37 173 289 237 201 211 230 493 725 840 993 633 174 238 99 50 9 1 0 0 0 0 0 0 0 0 0 0 0 0 0 0 0 0 0 0 0 0 0 0 0 0 0 0 0 0 0 0 0 0 0 0 0 0 0 0 0 0 0 0 0 31 3
21 15 9 7 10 23 47 62 47 55 35 4 0 0 0 0 0 0 2 20 47 110 158 102 76 41 16 5 2 2 1 12 54 89 103 72 84 263 390 448 715 740 310 36 18 1 0 0 0 0 0 0 0 0 0 0 0 0 0 0 0 0 0 0 0 0 0 0 0 0 0 0 0 0 0 0 0 0 0 0 0 0 0 0 0 0 0 0 0 0 0 0 16 1
16 10 6 4 3 5 11 17 14 9 2 0 0 0 0 0 0 0 9 20 47 69 51 20 7 3 1 0 0 0 0 3 10 7 10 27 108 199 311 436 628 436 128 34 1 0 0 0 0 0 0 0 0 0 0 0 0 0 0 0 0 0 0 0 0 0 0 0 0 0 0 0 0 0 0 0 0 0 0 0 0 0 0 0 0 0 0 0 0 0 0 0 0 2
13 9 5 4 1 1 2 2 2 1 0 -0 0 0 0 0 0 0 1 5 41 43 9 2 1 1 1 0 0 0 0 0 0 0 6 34 98 107 230 463 603 509 276 36 10 0 0 0 0 0 0 0 0 0 0 0 0 0 0 0 0 0 0 0 0 0 0 0 0 0 0 0 0 0 0 0 0 0 0 0 0 0 0 0 0 0 0 0 0 0 0 0 0 172
7 5 4 3 1 0 0 0 -0 0 0 0 0 0 0 0 0 2 22 39 27 13 1 0 1 1 2 0 0 0 0 0 0 0 25 43 38 98 238 448 497 618 659 285 228 28 1 0 0 0 0 0 0 0 0 0 0 0 0 0 0 0 0 0 0 0 0 0 0 0 0 0 0 0 0 0 0 0 0 0 0 0 0 0 0 0 0 0 0 0 0 0 1 224
7 5 3 2 0 0 0 0 0 0 0 0 0 0 0 0 0 4 21 18 2 0 0 0 0 0 0 0 0 0 0 0 0 2 35 31 45 144 275 305 387 491 657 598 569 494 152 3 0 0 0 0 0 0 0 0 0 0 0 0 0 0 0 0 0 0 0 0 0 0 0 0 0 0 0 0 0 0 0 0 0 0 0 0 0 0 0 0 0 0 0 16 104 200
9 7 4 2 0 0 0 0 0 0 0 0 0 0 0 0 0 0 0 0 0 0 0 0 0 0 0 0 0 0 0 0 5 42 128 51 63 158 216 171 277 335 443 527 493 694 506 58 0 0 0 0 0 0 0 0 0 0 0 0 0 0 0 0 0 0 0 0 0 0 0 0 0 0 0 0 0 0 0 0 0 0 0 0 0 0 0 2 0 0 2 113 493 750
12 8 7 5 3 1 0 0 0 -0 0 0 0 0 0 0 1 0 0 0 0 0 0 0 0 0 0 0 0 0 0 0 14 79 96 127 133 154 128 119 171 189 291 446 480 581 634 298 5 0 0 0 0 0 0 0 0 0 0 0 0 0 0 0 0 0 0 0 0 0 0 0 0 0 0 0 0 0 0 0 0 0 0 0 0 0 50 81 0 0 3 152 532 835
13 12 10 7 5 3 3 2 1 -0 -0 -0 0 0 0 1 3 0 0 0 0 0 0 0 0 0 0 0 0 0 0 1 9 22 50 77 72 63 55 95 102 135 271 466 340 431 614 598 126 1 0 0 0 0 0 0 0 0 0 0 0 0 0 0 0 0 0 0 0 0 0 0 0 0 0 0 0 0 0 0 0 0 0 0 0 0 80 106 2 0 27 347 541 507
17 15 12 10 7 5 6 6 4 0 0 -0 0 0 3 21 59 31 4 0 0 0 0 0 0 0 0 0 0 0 0 0 2 2 9 14 3 3 13 32 46 143 230 270 276 395 652 845 527 90 1 0 0 0 0 0 1 1 0 0 0 0 0 0 0 0 0 0 0 0 0 0 0 0 0 0 0 0 0 0 0 0 0 0 0 0 15 16 13 28 187 468 645 712
18 16 13 12 11 10 9 7 3 0 -0 -0 0 5 50 142 164 117 53 23 18 29 23 7 1 0 0 0 0 0 0 0 0 0 0 0 0 0 3 13 33 92 154 215 258 337 614 730 717 439 39 0 0 0 0 0 21 17 0 0 0 0 0 0 0 0 0 0 0 0 0 0 0 0 0 0 0 0 0 0 14 52 42 1 0 0 0 15 63 208 546 525 459 511
20 18 16 17 14 12 8 6 2 1 0 0 6 61 128 146 176 200 134 108 122 70 77 42 1 0 0 0 0 0 0 0 0 0 0 0 0 2 3 4 22 81 153 120 176 408 454 488 729 738 288 8 0 0 0 0 1 0 0 0 0 0 0 0 0 0 0 0 0 0 0 0 0 0 0 0 0 0 0 1 80 95 23 0 1 26 35 168 203 443 842 823 842 933
22 21 22 26 28 19 22 17 11 6 3 4 29 150 126 95 89 141 139 75 61 22 34 15 0 0 0 0 0 0 0 0 0 0 0 0 0 1 7 17 17 34 117 152 193 269 378 506 574 687 429 31 0 0 0 0 0 0 0 0 0 0 0 0 0 0 0 0 0 0 0 0 0 0 0 0 0 0 0 0 44 63 2 83 372 617 453 598 630 955 1348 1223 938 600
30 56 93 124 165 106 159 95 56 39 29 15 22 60 53 51 46 71 54 19 8 0 6 3 0 0 0 0 0 0 0 0 0 0 0 0 0 2 17 54 61 111 132 149 278 386 401 310 274 431 424 61 0 0 0 0 0 0 0 0 0 0 0 0 0 0 0 0 0 0 0 0 0 0 0 0 0 0 0 1 73 74 65 658 1341 1055 729 1206 1154 908 1245 1174 458 199
100 242 392 347 371 357 424 214 175 110 65 31 15 16 22 46 24 8 0 0 0 0 0 0 0 0 0 0 0 0 0 0 0 0 0 0 0 0 3 39 125 149 112 158 302 319 144 164 225 322 313 37 0 0 0 0 0 0 0 0 0 0 0 0 0 0 4 1 0 0 0 0 0 0 0 0 0 0 2 62 354 520 630 1488 1514 770 831 1238 805 476 578 471 148 98
159 290 280 230 305 434 426 332 256 166 77 49 45 27 12 103 49 0 0 0 0 0 0 0 0 0 0 0 0 0 0 0 0 0 0 0 0 0 0 31 107 58 154 215 254 299 160 159 265 410 295 21 0 0 0 0 0 0 0 0 0 0 0 0 0 6 45 7 0 0 0 0 0 0 0 0 0 11 81 422 1035 1039 893 1516 1492 944 1036 999 688 280 97 59 33 34
108 122 182 213 278 386 362 298 238 170 94 93 92 56 14 23 12 0 0 0 0 0 0 0 0 0 0 0 0 0 0 0 0 0 0 0 0 0 0 5 22 40 236 353 499 449 207 180 256 229 152 51 1 0 0 0 0 0 0 0 0 0 0 0 0 9 4 0 0 0 0 0 0 0 0 0 0 86 192 548 1019 1020 995 1449 1374 1069 1333 1349 1231 672 245 31 11 19
64 109 147 193 257 271 269 205 162 178 175 113 51 22 2 0 0 0 0 0 0 0 0 0 0 0 0 0 0 0 0 0 0 0 0 0 0 0 1 17 21 93 288 495 620 480 206 189 237 311 200 77 0 0 0 0 0 0 0 0 0 0 0 0 0 3 2 0 0 0 5 32 31 44 60 3 5 117 469 698 674 574 759 1165 1311 1174 1488 907 1120 896 326 65 15 14
46 85 179 220 226 265 184 129 125 186 127 47 4 1 0 0 0 0 0 0 0 0 0 0 0 0 0 0 0 0 0 0 0 0 0 0 0 0 2 41 122 239 244 474 489 312 161 137 190 347 143 19 0 0 0 0 0 0 0 0 0 0 0 2 30 62 46 141 121 171 164 413 241 211 146 154 183 268 366 413 174 216 446 757 989 1262 1594 747 1031 751 333 55 6 10
46 85 152 245 229 156 111 89 106 127 59 6 0 0 0 0 0 0 0 0 0 0 0 0 0 0 0 0 0 0 0 0 0 0 0 0 0 1 8 66 112 192 236 443 508 164 124 120 105 139 71 1 0 0 0 0 0 0 0 0 0 0 7 86 253 351 405 527 516 546 489 665 465 289 227 358 486 222 215 283 26 89 326 729 828 1133 1083 552 681 480 95 14 6 106
39 45 86 191 179 113 71 66 80 41 9 1 0 0 0 0 0 0 0 0 0 0 0 0 0 0 0 0 0 0 0 0 0 0 0 0 0 4 9 41 77 208 259 207 146 81 109 70 43 17 4 0 0 0 0 0 0 0 0 0 0 23 149 290 465 584 613 483 356 256 271 305 270 215 303 288 219 216 308 232 13 28 215 431 433 527 358 105 117 273 29 1 4 67
40 36 52 78 59 44 47 58 38 10 18 13 -0 0 0 0 0 0 0 0 0 0 0 0 0 0 0 0 0 0 0 0 0 0 2 2 1 7 12 36 131 173 104 44 49 49 15 33 22 0 6 9 0 0 0 0 0 0 0 11 46 272 567 468 360 394 468 329 204 116 109 53 30 94 165 80 132 307 318 84 3 10 42 71 63 93 46 2 122 203 22 20 1 2
43 38 42 49 33 30 36 45 23 6 13 4 0 0 -0 0 0 0 0 0 0 0 0 0 0 0 0 0 0 0 0 0 0 0 1 1 1 6 26 44 76 46 39 23 12 1 1 1 0 0 28 25 0 0 0 0 1 20 36 174 349 601 540 283 341 298 175 81 38 29 44 8 19 32 25 122 222 497 476 162 51 7 3 2 0 3 2 0 8 5 5 2 0 0
